500,2,35,2.701466060509658,0
500,0,100,66.0,27.0,7,10,1.0819985727332477
500,1,121,152.0,138.0,7,11,0.9978445322245308
500,0,83,132.0,38.0,7,73,1.0053787958320128
500,3,34,1.2274843045891732,0
500,2,20,2.8364850850327334,0
500,1,122,126.0,55.0,7,135,1.2996155758921006
500,3,9,1.7330157526785865,0
1000,2,35,2.701466060509658,0
1000,0,100,66.0,27.0,7,10,1.0819985727332477
1000,1,121,152.0,138.0,7,11,0.9978445322245308
1000,0,83,132.0,38.0,7,73,1.0053787958320128
1000,3,34,1.2274843045891732,0
1000,2,20,2.8364850850327334,0
1000,1,122,126.0,55.0,7,135,1.2996155758921006
1000,3,9,1.7330157526785865,0
1500,2,35,2.701466060509658,0
1500,0,100,66.0,27.0,7,10,1.0819985727332477
1500,1,121,152.0,138.0,7,11,0.9978445322245308
1500,0,83,132.0,38.0,7,73,1.0053787958320128
1500,3,34,1.2274843045891732,0
1500,2,20,2.8364850850327334,0
1500,1,122,126.0,55.0,7,135,1.2996155758921006
1500,3,9,1.7330157526785865,0
2000,2,35,2.701466060509658,0
2000,0,100,66.0,27.0,7,10,1.0819985727332477
2000,1,121,152.0,138.0,7,11,0.9978445322245308
2000,0,83,132.0,38.0,7,73,1.0053787958320128
2000,3,34,1.2274843045891732,0
2000,2,20,2.8364850850327334,0
2000,1,122,126.0,55.0,7,135,1.2996155758921006
2000,3,9,1.7330157526785865,0
2500,2,35,2.701466060509658,0
2500,0,100,66.0,27.0,7,10,1.0819985727332477
2500,1,121,152.0,138.0,7,11,0.9978445322245308
2500,0,83,132.0,38.0,7,73,1.0053787958320128
2500,3,34,1.2274843045891732,0
2500,2,20,2.8364850850327334,0
2500,1,122,126.0,55.0,7,135,1.2996155758921006
2500,3,9,1.7330157526785865,0
3000,2,35,2.701466060509658,0
3000,0,100,66.0,27.0,7,10,1.0819985727332477
3000,1,121,152.0,138.0,7,11,0.9978445322245308
3000,0,83,132.0,38.0,7,73,1.0053787958320128
3000,3,34,1.2274843045891732,0
3000,2,20,2.8364850850327334,0
3000,1,122,126.0,55.0,7,135,1.2996155758921006
3000,3,9,1.7330157526785865,0
3500,2,35,2.701466060509658,0
3500,0,100,66.0,27.0,7,10,1.0819985727332477
3500,1,121,152.0,138.0,7,11,0.9978445322245308
3500,0,83,132.0,38.0,7,73,1.0053787958320128
3500,3,34,1.2274843045891732,0
3500,2,20,2.8364850850327334,0
3500,1,122,126.0,55.0,7,135,1.2996155758921006
3500,3,9,1.7330157526785865,0
4000,2,35,2.701466060509658,0
4000,0,100,66.0,27.0,7,10,1.0819985727332477
4000,1,121,152.0,138.0,7,11,0.9978445322245308
4000,0,83,132.0,38.0,7,73,1.0053787958320128
4000,3,34,1.2274843045891732,0
4000,2,20,2.8364850850327334,0
4000,1,122,126.0,55.0,7,135,1.2996155758921006
4000,3,9,1.7330157526785865,0
